4.425180899999999724e+02 2.328997899999999959e+02 2.672369999999999912e+00 1.119947200000000009e+02 4.364999999999999991e-01 2.284905999999999882e+00
4.836890599999999836e+02 2.474259500000000003e+02 2.683307800000000132e+00 1.175284400000000034e+02 3.760999999999999899e-01 1.521624499999999935e+00
4.956571200000000204e+02 2.578894500000000107e+02 2.700513599999999848e+00 1.171559900000000027e+02 3.121999999999999775e-01 1.255638899999999891e+00
4.920894200000000183e+02 2.629247399999999857e+02 2.659945000000000004e+00 1.136059199999999976e+02 2.662999999999999812e-01 2.155680100000000099e+00
4.932988500000000158e+02 2.626005200000000173e+02 2.660000000000000142e+00 1.176350000000000051e+02 3.915000000000000147e-01 2.275999999999999801e+00
4.947341700000000060e+02 2.588121800000000121e+02 2.676492999999999789e+00 1.211040100000000024e+02 2.767999999999999905e-01 1.901166700000000098e+00
4.846211000000000126e+02 2.639604100000000244e+02 2.683435799999999816e+00 1.134849200000000025e+02 4.667000000000000037e-01 1.957880199999999959e+00
4.847983199999999897e+02 2.731182699999999954e+02 2.720035000000000203e+00 1.131442200000000042e+02 3.663000000000000145e-01 1.051389600000000035e+00
4.537943900000000212e+02 2.580536500000000046e+02 2.648860299999999945e+00 1.228593000000000046e+02 4.517999999999999794e-01 2.596216300000000032e+00
4.658945100000000252e+02 2.617240199999999959e+02 2.664466000000000001e+00 1.136246399999999994e+02 3.457999999999999963e-01 2.454149899999999995e+00
4.941587799999999788e+02 2.595504599999999868e+02 2.678425100000000114e+00 1.175874699999999962e+02 3.251000000000000001e-01 1.849050599999999989e+00
4.781543399999999906e+02 2.604838500000000181e+02 2.633010699999999815e+00 1.145038499999999999e+02 3.468999999999999861e-01 3.424376800000000109e+00
4.827085400000000277e+02 2.563528800000000274e+02 2.630999999999999783e+00 1.108679999999999950e+02 3.498999999999999888e-01 3.188999900000000221e+00
4.698444700000000012e+02 2.787222300000000246e+02 2.603121799999999819e+00 1.222700600000000009e+02 6.163999999999999480e-01 4.142494000000000121e+00
4.713085599999999999e+02 2.809579100000000267e+02 2.610567899999999941e+00 1.182121599999999972e+02 9.224999999999999867e-01 3.958340100000000028e+00
4.690789700000000266e+02 2.787227800000000002e+02 2.604165000000000063e+00 1.339766700000000128e+02 9.322000000000000286e-01 4.303074999999999761e+00
4.740086600000000203e+02 2.867763299999999731e+02 2.580049999999999955e+00 1.327241999999999962e+02 1.408500000000000085e+00 4.844038600000000194e+00
4.687014399999999910e+02 2.751442099999999868e+02 2.548130000000000006e+00 1.410863600000000133e+02 1.097699999999999898e+00 5.377285200000000209e+00
4.342482299999999782e+02 2.952752600000000029e+02 2.564996700000000018e+00 1.282542300000000068e+02 1.276399999999999979e+00 4.621193500000000398e+00
4.979212200000000053e+02 2.845382799999999861e+02 2.590625000000000178e+00 1.466789599999999893e+02 1.045600000000000085e+00 4.301695200000000163e+00
4.367538700000000063e+02 2.617214599999999791e+02 2.621368499999999990e+00 1.184189200000000000e+02 1.240899999999999892e+00 4.296477499999999949e+00
4.275808799999999792e+02 2.653029599999999846e+02 2.542717999999999812e+00 1.331094699999999875e+02 1.826999999999999957e+00 6.146148400000000400e+00
4.328596699999999942e+02 2.383269500000000107e+02 2.531165600000000016e+00 8.633663500000000113e+01 1.769800000000000040e+00 6.880050400000000010e+00
4.074731499999999755e+02 2.509529799999999966e+02 2.523692299999999999e+00 1.139892700000000048e+02 2.334600000000000009e+00 7.189166300000000120e+00
4.124358100000000036e+02 2.371271800000000098e+02 2.467526900000000190e+00 1.229581799999999987e+02 2.327100000000000168e+00 8.610352600000000578e+00
4.582967100000000187e+02 2.561661899999999719e+02 2.446846799999999877e+00 1.254456700000000069e+02 2.235100000000000087e+00 9.681153300000000073e+00
4.164688100000000190e+02 2.552590299999999957e+02 2.523000000000000131e+00 1.150943400000000025e+02 1.901799999999999935e+00 7.413606200000000257e+00
4.325523800000000278e+02 2.719602800000000116e+02 2.506257300000000132e+00 1.228828900000000033e+02 2.049399999999999888e+00 7.846049800000000296e+00
4.727139700000000175e+02 2.773802299999999832e+02 2.546807400000000055e+00 1.484586299999999994e+02 2.131899999999999906e+00 5.931892200000000059e+00
5.436154299999999466e+02 3.033284800000000132e+02 2.284708000000000183e+00 1.903392299999999864e+02 1.540100000000000025e+00 7.472288700000000006e+00
4.709839999999999804e+02 2.298066699999999969e+02 2.540549700000000133e+00 1.498554399999999873e+02 1.639199999999999990e+00 5.574596099999999943e+00
5.000172400000000152e+02 2.556666500000000042e+02 2.166569899999999826e+00 1.699387900000000116e+02 1.569099999999999939e+00 7.638651499999999928e+00
3.777401899999999841e+02 2.193230299999999886e+02 2.410786100000000154e+00 1.740866000000000042e+02 2.197099999999999831e+00 1.124982299999999924e+01
4.275428600000000188e+02 2.648086200000000190e+02 2.413443000000000005e+00 1.780540100000000052e+02 2.616000000000000103e+00 1.046073499999999967e+01
4.228816400000000044e+02 2.567577800000000252e+02 2.486072899999999919e+00 2.098103900000000124e+02 3.691699999999999982e+00 7.815017899999999962e+00
3.652584299999999757e+02 1.819967200000000105e+02 2.661622200000000049e+00 4.752287499999999909e+01 3.501100000000000101e+00 4.642344900000000329e+00
3.484095100000000116e+02 1.909104700000000037e+02 2.605480000000000018e+00 3.808840800000000115e+01 2.048999999999999988e-01 6.238977199999999890e+00
4.878040799999999990e+02 2.917439800000000218e+02 2.603808100000000181e+00 1.110243600000000015e+02 1.929999999999999938e+00 4.163112199999999596e+00
4.899537900000000263e+02 2.907927199999999743e+02 2.583192500000000003e+00 1.101595800000000054e+02 1.660000000000000142e+00 4.611745799999999562e+00
4.822983500000000276e+02 2.874064099999999939e+02 2.579000000000000181e+00 1.106634800000000070e+02 1.950000000000000178e+00 5.178484300000000040e+00
4.761542499999999905e+02 2.897943099999999959e+02 2.578904999999999781e+00 1.062381500000000045e+02 1.930000000000000160e+00 5.202472199999999880e+00
4.883783900000000244e+02 2.927052899999999909e+02 2.569265600000000038e+00 1.111687600000000060e+02 1.809999999999999831e+00 5.939215899999999770e+00
4.864131300000000238e+02 2.920075100000000248e+02 2.565934400000000171e+00 1.053073299999999932e+02 2.780000000000000249e+00 5.621883500000000033e+00
4.948318100000000186e+02 2.903455799999999840e+02 2.577999300000000105e+00 1.086508299999999991e+02 2.709999999999999964e+00 4.720037699999999781e+00
5.020329199999999901e+02 2.976797599999999875e+02 2.584470800000000068e+00 1.218941899999999947e+02 2.330000000000000071e+00 4.448415699999999973e+00
4.970126300000000015e+02 2.980218300000000227e+02 2.571486900000000020e+00 1.204168399999999934e+02 2.660000000000000142e+00 5.932720500000000285e+00
4.901523099999999999e+02 2.985344200000000114e+02 2.525323399999999996e+00 1.279926799999999929e+02 3.110000000000000320e+00 6.688983600000000251e+00
4.515443300000000022e+02 2.735779499999999871e+02 2.541793000000000191e+00 1.231880699999999962e+02 2.910000000000000142e+00 5.760945000000000427e+00
4.348127499999999941e+02 2.669434999999999718e+02 2.543172300000000163e+00 1.184558300000000060e+02 3.610000000000000320e+00 6.190002699999999969e+00
4.275715500000000020e+02 2.647278600000000210e+02 2.532437100000000108e+00 1.125482200000000006e+02 3.439999999999999947e+00 6.556964699999999979e+00
4.345492699999999786e+02 2.633779299999999921e+02 2.526046800000000037e+00 1.119366399999999970e+02 4.479999999999999538e+00 7.175667800000000263e+00
4.274319899999999848e+02 2.599667000000000030e+02 2.525038100000000174e+00 1.050337200000000024e+02 3.120000000000000107e+00 6.790935199999999838e+00
4.305606900000000223e+02 2.622112000000000194e+02 2.528605799999999793e+00 1.002110600000000034e+02 3.119999999999999662e+00 7.093083899999999886e+00
4.455736400000000117e+02 2.744116700000000151e+02 2.515000000000000124e+00 1.014739699999999942e+02 4.060000000000000497e+00 6.730776299999999601e+00
4.443742199999999798e+02 2.714394399999999905e+02 2.548368899999999826e+00 1.023061799999999977e+02 4.250000000000000000e+00 6.350586299999999795e+00
4.581283700000000181e+02 2.824577300000000264e+02 2.545191400000000215e+00 1.166762999999999977e+02 2.969999999999999751e+00 6.502964300000000364e+00
4.778118499999999926e+02 2.923976099999999860e+02 2.346000899999999945e+00 1.660016999999999996e+02 2.700000000000000178e+00 7.999902399999999858e+00
4.692904899999999770e+02 2.891995400000000132e+02 2.495999999999999996e+00 1.474431899999999871e+02 3.179999999999999716e+00 7.223938799999999993e+00
4.766018599999999878e+02 2.844712099999999850e+02 2.546997300000000131e+00 1.484841199999999901e+02 3.030000000000000249e+00 5.304087899999999856e+00
4.494941699999999969e+02 2.719082900000000222e+02 2.551000800000000179e+00 1.285762000000000000e+02 2.179999999999999716e+00 5.305016799999999755e+00
4.847686600000000112e+02 3.028254999999999768e+02 2.545008999999999855e+00 1.723277199999999993e+02 2.979999999999999982e+00 5.943687699999999907e+00
4.205293500000000222e+02 2.625758000000000152e+02 2.440744299999999978e+00 1.563405400000000043e+02 6.370000000000000107e+00 9.733166399999999996e+00
4.489639199999999732e+02 2.760358200000000011e+02 2.540620500000000170e+00 4.060568499999999972e+02 3.750000000000000000e+00 6.430642599999999653e+00
3.945946799999999826e+02 2.567568899999999985e+02 2.324004099999999795e+00 1.594610000000000127e+02 3.899999999999999911e+00 1.356384399999999957e+01
3.721933099999999968e+02 2.280300799999999981e+02 2.539213399999999954e+00 7.726786099999999635e+01 3.339999999999999858e+00 7.414940299999999596e+00
4.024289800000000241e+02 2.526306199999999933e+02 2.454001400000000110e+00 8.754142299999999466e+01 3.160000000000000142e+00 9.680967499999999504e+00
4.254983899999999721e+02 2.628501999999999725e+02 2.472935300000000058e+00 9.510989600000000621e+01 2.700000000000000178e+00 9.015595799999999826e+00
4.391399299999999926e+02 2.794374900000000252e+02 2.554435699999999976e+00 7.246267899999999429e+01 4.230000000000000426e+00 7.034328399999999704e+00
3.963082400000000121e+02 2.533571499999999901e+02 2.712678100000000203e+00 6.832036700000000451e+01 3.959999999999999964e+00 3.052215900000000204e+00
4.692340399999999931e+02 2.718880100000000084e+02 2.624487300000000189e+00 1.212442300000000017e+02 2.072999999999999954e+00 2.683403600000000111e+00
4.725653800000000047e+02 2.843474899999999934e+02 2.617999999999999883e+00 1.186694499999999977e+02 2.353000000000000203e+00 3.729009000000000018e+00
4.511720599999999877e+02 2.837376199999999926e+02 2.581964300000000101e+00 1.217467000000000041e+02 2.240000000000000213e+00 4.303486300000000320e+00
4.584782799999999838e+02 2.819780499999999961e+02 2.571787699999999788e+00 1.243787599999999998e+02 2.009999999999999787e+00 4.645397599999999905e+00
4.719633400000000165e+02 2.861305300000000216e+02 2.608267999999999809e+00 1.272796100000000052e+02 2.250000000000000000e+00 4.032108899999999885e+00
4.519264400000000137e+02 2.863609299999999962e+02 2.611341799999999935e+00 1.211169600000000059e+02 2.520000000000000018e+00 4.239753600000000233e+00
4.765539099999999735e+02 2.751771100000000274e+02 2.602065899999999932e+00 1.218637700000000024e+02 2.339999999999999858e+00 4.244418800000000047e+00
5.098327100000000200e+02 2.919615600000000200e+02 2.583000900000000044e+00 1.324963899999999910e+02 2.770000000000000018e+00 4.202001600000000003e+00
5.035871900000000210e+02 2.904362600000000043e+02 2.597105599999999903e+00 1.409955600000000118e+02 2.890000000000000124e+00 4.194561400000000440e+00
4.780316199999999753e+02 2.860001899999999750e+02 2.606958999999999804e+00 1.214340899999999976e+02 2.779999999999999805e+00 4.537937699999999630e+00
4.378500700000000165e+02 2.557329000000000008e+02 2.703995400000000160e+00 1.044432099999999934e+02 2.049999999999999822e+00 2.576000099999999904e+00
4.524052500000000236e+02 2.741943699999999922e+02 2.508032399999999829e+00 1.443527400000000114e+02 3.799999999999999822e+00 6.820000199999999957e+00
4.333243299999999749e+02 2.575507700000000000e+02 2.547975899999999960e+00 1.344722999999999900e+02 3.540000000000000036e+00 6.049905599999999772e+00
4.371226500000000215e+02 2.566852000000000089e+02 2.528999999999999915e+00 9.544225400000000548e+01 4.320000000000000284e+00 6.657859300000000147e+00
4.246840199999999754e+02 2.571255199999999945e+02 2.523000000000000131e+00 1.206421799999999962e+02 3.979999999999999982e+00 6.984956200000000059e+00
4.304008799999999724e+02 2.609648199999999747e+02 2.552000000000000046e+00 1.190932999999999993e+02 4.360000000000000320e+00 6.356798600000000299e+00
4.350704400000000192e+02 2.610285499999999956e+02 2.524000000000000021e+00 1.187176400000000029e+02 4.570000000000000284e+00 7.080483700000000269e+00
4.288949700000000007e+02 2.623670000000000186e+02 2.563000000000000167e+00 1.240159600000000069e+02 3.779999999999999805e+00 5.752007100000000150e+00
4.455734899999999925e+02 2.690246900000000210e+02 2.521758999999999862e+00 1.232888599999999997e+02 4.990000000000000213e+00 6.523297000000000345e+00
4.417845399999999927e+02 2.593953200000000265e+02 2.523830199999999913e+00 1.208826999999999998e+02 5.419999999999999929e+00 7.209116800000000325e+00
4.200938300000000254e+02 2.621112899999999968e+02 2.504999999999999893e+00 1.227660000000000053e+02 4.049999999999999822e+00 7.235974399999999918e+00
4.575206299999999828e+02 2.679501200000000267e+02 2.516999000000000208e+00 1.207184199999999947e+02 5.690000000000000391e+00 7.293076600000000020e+00
4.538671600000000126e+02 2.703839500000000271e+02 2.494088999999999778e+00 1.301725399999999979e+02 2.759999999999999787e+00 7.690663100000000085e+00
4.464378399999999942e+02 2.763882199999999898e+02 2.463999999999999968e+00 1.365086200000000076e+02 3.069999999999999840e+00 7.936990800000000235e+00
5.180418399999999792e+02 2.880977899999999750e+02 2.478794300000000117e+00 1.624343499999999949e+02 2.649999999999999911e+00 7.379555500000000379e+00
5.228110299999999597e+02 3.007586200000000076e+02 2.470384000000000135e+00 1.772219399999999894e+02 2.910000000000000142e+00 6.714624099999999984e+00
4.874271499999999833e+02 2.889108699999999885e+02 2.541779700000000197e+00 1.747951600000000099e+02 2.890000000000000124e+00 5.279309500000000099e+00
3.942900700000000143e+02 2.388582100000000139e+02 2.637989899999999999e+00 1.326123000000000047e+02 3.000000000000000000e+00 4.421269999999999811e+00
4.102214200000000233e+02 2.589592000000000098e+02 2.527724000000000082e+00 1.503724100000000021e+02 5.349999999999999645e+00 7.656190099999999887e+00
4.197776600000000258e+02 2.618675900000000070e+02 2.395217000000000152e+00 1.880013800000000117e+02 4.809999999999999609e+00 1.165569799999999923e+01
4.541052799999999934e+02 2.760705399999999941e+02 2.433911300000000111e+00 2.368041299999999865e+02 5.309999999999999609e+00 9.146214300000000463e+00
4.209263599999999883e+02 2.496473400000000140e+02 2.481324600000000213e+00 2.441042500000000075e+02 8.779999999999999361e+00 8.678350899999999868e+00
4.176598200000000247e+02 2.457484800000000007e+02 2.473616700000000002e+00 1.168748099999999965e+02 6.349999999999999645e+00 1.028608700000000020e+01
4.652767000000000053e+02 2.496607199999999978e+02 2.695359600000000189e+00 1.101385999999999967e+02 3.181032721793569662e-01 1.661322200000000082e+00
4.865490300000000161e+02 2.608052799999999820e+02 2.689519000000000215e+00 1.146331399999999974e+02 4.911243569375560170e-01 1.558753899999999915e+00
4.726324000000000183e+02 2.642516800000000217e+02 2.670775100000000180e+00 1.008950600000000009e+02 4.622381133705529832e-01 1.897068699999999941e+00
4.714882600000000252e+02 2.636965400000000272e+02 2.667640000000000011e+00 1.068684700000000021e+02 4.447996158461919869e-01 1.932675200000000038e+00
4.597081099999999765e+02 2.655035899999999742e+02 2.693500900000000087e+00 1.122416300000000007e+02 4.175848852121659682e-01 1.267253299999999916e+00
4.646262300000000209e+02 2.502105200000000025e+02 2.673449399999999976e+00 1.027113200000000006e+02 5.258184942091710390e-01 2.049189800000000172e+00
4.719248099999999795e+02 2.602792499999999905e+02 2.685173600000000160e+00 1.082655199999999951e+02 3.589072917147020370e-01 1.655924299999999905e+00
4.612280400000000213e+02 2.498359499999999969e+02 2.689465999999999912e+00 1.168420200000000051e+02 4.346600942247740296e-01 1.607749199999999989e+00
4.691286900000000060e+02 2.516717800000000125e+02 2.657000000000000028e+00 1.058228000000000009e+02 5.440919828673109748e-01 2.295574199999999898e+00
4.655260900000000106e+02 2.678815599999999790e+02 2.654694699999999852e+00 1.080651900000000012e+02 7.012582974843259986e-01 2.292143999999999959e+00
4.603279800000000250e+02 2.794758199999999988e+02 2.667742500000000128e+00 1.051824500000000029e+02 1.207885038421385948e+00 2.478197600000000111e+00
4.703366199999999822e+02 2.642124000000000024e+02 2.647309700000000099e+00 1.089478399999999993e+02 1.265073195001021888e+00 2.788324799999999826e+00
4.635805199999999786e+02 2.704199199999999905e+02 2.639003000000000210e+00 1.098259999999999934e+02 1.361396911672132060e+00 2.855947399999999803e+00
4.628013199999999756e+02 2.627636899999999969e+02 2.667001599999999861e+00 1.058868200000000002e+02 1.721066704088247024e+00 2.522000100000000078e+00
4.743991399999999885e+02 2.692460599999999999e+02 2.636031399999999802e+00 1.200423399999999958e+02 1.754824408716801010e+00 3.434587899999999916e+00
4.608199099999999930e+02 2.748643999999999892e+02 2.612999400000000083e+00 1.185632200000000012e+02 1.216108531010265947e+00 4.291049899999999973e+00
4.805014100000000212e+02 2.811715800000000058e+02 2.615721499999999811e+00 1.146995799999999974e+02 1.413337744610253965e+00 4.115762000000000143e+00
4.737365699999999720e+02 2.715354699999999752e+02 2.621999999999999886e+00 1.126481299999999948e+02 1.702941784038726869e+00 3.748751500000000014e+00
4.712459999999999809e+02 2.655035899999999742e+02 2.615590399999999871e+00 1.102694500000000062e+02 1.669257597759879808e+00 4.086682299999999657e+00
4.650088999999999828e+02 2.700903400000000261e+02 2.606716599999999939e+00 1.126187900000000042e+02 1.593561112574636951e+00 4.204118399999999589e+00
4.665574100000000044e+02 2.792832099999999969e+02 2.614339000000000190e+00 1.162610399999999942e+02 8.710438171098250359e-01 4.260178800000000265e+00
4.636591799999999921e+02 2.666985300000000052e+02 2.595288599999999946e+00 1.120574299999999965e+02 9.647015315717210049e-01 4.491818099999999703e+00
4.785066400000000044e+02 2.660288199999999961e+02 2.620999999999999996e+00 1.130401399999999938e+02 9.148876081056560583e-01 3.528943400000000175e+00
4.722652400000000057e+02 2.800292999999999779e+02 2.600067399999999918e+00 1.172644499999999965e+02 1.051248343104357996e+00 3.967882700000000096e+00
4.763450399999999831e+02 2.755802800000000161e+02 2.622768300000000163e+00 1.197824499999999972e+02 9.626339996263100218e-01 4.128998700000000355e+00
4.272738100000000259e+02 2.829314699999999903e+02 2.574477299999999858e+00 8.645466999999999302e+01 8.671182460796480473e-01 5.064700499999999828e+00
4.547081400000000144e+02 2.803077499999999986e+02 2.519403300000000012e+00 1.585591100000000040e+02 3.099003242595773866e+00 7.024042699999999861e+00
4.407503800000000069e+02 2.819133299999999736e+02 2.526471299999999864e+00 1.629645700000000090e+02 2.732871203877416111e+00 6.873810699999999940e+00
4.406335100000000011e+02 2.675638799999999833e+02 2.526994499999999810e+00 1.295190000000000055e+02 2.931839390390265976e+00 6.921072399999999902e+00
4.621829099999999926e+02 2.786826699999999732e+02 2.556739100000000153e+00 1.736293599999999913e+02 2.152702202193179204e+00 5.269320800000000027e+00
4.681583099999999718e+02 2.976964399999999955e+02 2.536214399999999980e+00 1.612067299999999932e+02 2.311967869274620835e+00 5.636508300000000027e+00
4.424245199999999727e+02 2.618352499999999736e+02 2.644645800000000158e+00 1.176325099999999964e+02 1.869495251719110129e+00 3.647924199999999839e+00
4.250613099999999918e+02 2.711100799999999822e+02 2.586787999999999865e+00 1.221757000000000062e+02 1.783452437660113077e+00 4.960391000000000439e+00
4.638745499999999993e+02 2.787611400000000117e+02 2.575124000000000191e+00 9.349921100000000251e+01 1.636739349172148916e+00 5.618247600000000119e+00
4.499739299999999957e+02 2.757598899999999844e+02 2.495874399999999937e+00 1.687094299999999976e+02 2.125949783915387137e+00 7.573290700000000264e+00
4.392746900000000210e+02 2.770071199999999862e+02 2.520000599999999924e+00 1.575758399999999995e+02 2.195189656415250212e+00 7.529000100000000195e+00
4.225113299999999867e+02 2.627031999999999812e+02 2.558292300000000186e+00 1.091631100000000032e+02 2.185012932652139916e+00 6.767883999999999567e+00
4.193827999999999747e+02 2.602867699999999900e+02 2.544150999999999829e+00 7.466334799999999916e+01 1.977717616212279150e+00 6.807504899999999637e+00
4.417199299999999766e+02 2.773232399999999984e+02 2.538032900000000147e+00 1.238098300000000052e+02 1.801687521585432883e+00 6.761713499999999932e+00
4.361184200000000146e+02 2.658608699999999772e+02 2.533853999999999829e+00 1.252036700000000025e+02 2.015905391555441017e+00 7.157454399999999772e+00
4.385691800000000171e+02 2.750821900000000255e+02 2.504819499999999977e+00 1.268486300000000000e+02 1.970286686031588852e+00 7.807212999999999958e+00
4.352651500000000055e+02 2.518030899999999974e+02 2.538988699999999987e+00 1.379139600000000030e+02 1.976896947616443967e+00 6.461233899999999863e+00
4.444404299999999921e+02 2.648796300000000201e+02 2.533807799999999943e+00 1.380658599999999865e+02 2.343299337686163053e+00 6.645924100000000223e+00
4.549850799999999822e+02 2.588118900000000053e+02 2.541219700000000081e+00 1.308934800000000109e+02 2.502283425778776937e+00 6.260024900000000336e+00
4.510763200000000097e+02 2.568090500000000134e+02 2.549071000000000087e+00 1.331869700000000023e+02 2.352242167313800980e+00 6.717958000000000318e+00
4.561745900000000233e+02 2.718144500000000221e+02 2.528942799999999824e+00 1.567840500000000077e+02 1.805628419283331176e+00 7.587917000000000023e+00
4.609097899999999868e+02 2.845641100000000279e+02 2.623593800000000087e+00 1.720848000000000013e+02 2.208875908960171941e+00 4.354060200000000158e+00
4.176403199999999742e+02 2.532292799999999886e+02 2.564109900000000053e+00 1.806765100000000075e+02 2.754905136547361799e+00 7.028876099999999738e+00
4.444326599999999985e+02 2.838623099999999795e+02 2.585999999999999854e+00 2.357353400000000079e+02 4.845369748891670270e+00 4.993000200000000000e+00
4.614099899999999934e+02 2.743208700000000135e+02 2.408167300000000122e+00 1.651514099999999985e+02 5.295268120760510122e+00 1.150796799999999998e+01
4.295498000000000047e+02 2.595450000000000159e+02 2.420138300000000076e+00 1.650023799999999881e+02 4.663844879717039760e+00 1.146689600000000020e+01
4.274841299999999933e+02 2.633337099999999964e+02 2.436481800000000142e+00 2.913813599999999724e+02 2.826984709884715841e+00 9.622116300000000066e+00
4.686466800000000035e+02 2.408515400000000000e+02 2.670115599999999922e+00 1.117333600000000047e+02 3.399999999999999689e-01 1.729077699999999940e+00
4.647641100000000165e+02 2.397945100000000025e+02 2.677455300000000094e+00 1.106354699999999980e+02 3.099999999999999978e-01 1.506164999999999976e+00
4.557955600000000231e+02 2.302028500000000122e+02 2.664738799999999852e+00 1.056307000000000045e+02 3.800000000000000044e-01 1.643996000000000013e+00
4.599209700000000112e+02 2.454067900000000009e+02 2.674999999999999822e+00 1.051779999999999973e+02 2.700000000000000178e-01 1.492011500000000046e+00
4.646670300000000111e+02 2.569558400000000233e+02 2.665520700000000076e+00 1.079557700000000011e+02 6.600000000000000311e-01 1.953503699999999954e+00
4.656495899999999892e+02 2.636336600000000203e+02 2.644139299999999970e+00 1.103318000000000012e+02 9.399999999999999467e-01 2.636573299999999787e+00
4.633681100000000015e+02 2.772978899999999953e+02 2.634768799999999800e+00 1.122279400000000038e+02 7.800000000000000266e-01 2.861494599999999888e+00
4.710988300000000208e+02 2.931163000000000238e+02 2.589946199999999976e+00 1.142457500000000010e+02 1.760000000000000009e+00 4.252047600000000038e+00
4.672885200000000054e+02 2.731008400000000051e+02 2.589207299999999989e+00 1.125727700000000056e+02 1.846654504955210996e+00 4.430279399999999868e+00
4.762636100000000283e+02 2.881192699999999718e+02 2.596114599999999939e+00 1.128869600000000020e+02 1.660681619186846092e+00 4.359715300000000404e+00
4.640599500000000148e+02 2.843638000000000261e+02 2.575375600000000098e+00 1.202255399999999952e+02 1.819815929535540944e+00 5.210520599999999725e+00
4.830062699999999722e+02 2.910827800000000138e+02 2.565393400000000046e+00 1.232015700000000038e+02 1.946711822103968093e+00 5.083057799999999737e+00
4.680149799999999800e+02 2.831930800000000090e+02 2.551998999999999906e+00 1.225284500000000065e+02 1.735203287674938810e+00 5.405000199999999921e+00
4.644102599999999939e+02 2.905552299999999946e+02 2.565431300000000192e+00 1.158043700000000058e+02 2.283561667441405874e+00 4.688958300000000357e+00
4.756636399999999867e+02 2.888861999999999739e+02 2.559001100000000140e+00 1.142939899999999938e+02 1.892539877001817139e+00 5.443999800000000278e+00
4.845677200000000084e+02 3.019103900000000067e+02 2.567000000000000171e+00 1.230514500000000027e+02 2.340648060059885793e+00 5.298586399999999585e+00
4.610063200000000165e+02 2.874365000000000236e+02 2.501865800000000029e+00 1.233109900000000039e+02 2.476471579172423887e+00 6.684134900000000101e+00
5.028401200000000131e+02 3.070621199999999931e+02 2.519465199999999960e+00 1.203311400000000049e+02 2.458623750701629973e+00 6.160572400000000393e+00
4.621736500000000092e+02 2.803462200000000166e+02 2.535120699999999783e+00 1.353400599999999940e+02 3.277050533474339833e+00 6.780653499999999667e+00
4.570245100000000207e+02 2.804477800000000229e+02 2.512000800000000034e+00 1.405155799999999999e+02 2.441263716236119041e+00 7.309930399999999828e+00
4.258982399999999870e+02 2.600798199999999838e+02 2.549999999999999822e+00 1.180676100000000019e+02 2.305083857082585119e+00 5.987839100000000414e+00
4.378708399999999870e+02 2.708439500000000066e+02 2.506999800000000000e+00 1.194759999999999991e+02 2.856870031590219128e+00 7.089981200000000428e+00
4.418462900000000104e+02 2.716930300000000216e+02 2.506835399999999936e+00 1.186888600000000054e+02 2.626900504744436038e+00 7.063814200000000376e+00
4.329433700000000158e+02 2.681281399999999735e+02 2.496999999999999886e+00 1.221284500000000008e+02 3.236896732641750152e+00 7.349000000000000199e+00
4.410320399999999950e+02 2.704978199999999902e+02 2.491121900000000000e+00 1.036659199999999998e+02 3.885172277949624942e+00 7.697729299999999775e+00
4.358123299999999745e+02 2.720009299999999826e+02 2.440241599999999789e+00 1.081358100000000064e+02 3.825884784120755722e+00 9.420435400000000570e+00
4.476074800000000096e+02 2.769011800000000108e+02 2.468167100000000058e+00 1.185223500000000030e+02 4.432937186483121295e+00 8.738269999999999982e+00
4.533034700000000043e+02 2.782515700000000152e+02 2.491865699999999961e+00 1.226883399999999966e+02 4.326332460978585814e+00 6.894142399999999782e+00
4.727286300000000097e+02 2.930440899999999829e+02 2.470655199999999940e+00 1.222685199999999952e+02 4.217712377824874181e+00 8.161443000000000225e+00
4.602706699999999955e+02 2.779769200000000069e+02 2.483999999999999986e+00 1.371590600000000109e+02 4.305683645657031988e+00 7.464553800000000017e+00
4.779036100000000147e+02 2.932541600000000130e+02 2.441526200000000202e+00 1.615419699999999921e+02 2.414045312521698072e+00 7.988373900000000027e+00
4.530041400000000067e+02 2.751898699999999849e+02 2.509744400000000208e+00 1.489504399999999862e+02 2.719934686866630980e+00 7.155427399999999771e+00
4.628772999999999911e+02 2.569268799999999828e+02 2.502217200000000030e+00 1.275423100000000005e+02 2.155432908261086133e+00 7.007909800000000189e+00
4.501404699999999934e+02 2.550089600000000019e+02 2.495040899999999784e+00 1.599259500000000003e+02 2.223425259835605239e+00 6.397650399999999848e+00
4.315812799999999925e+02 2.627457999999999743e+02 2.529999999999999805e+00 1.285124700000000075e+02 2.105969293066785930e+00 6.407088299999999848e+00
4.287714300000000094e+02 2.603292900000000145e+02 2.519000000000000128e+00 1.393087999999999909e+02 2.240024924614265167e+00 6.613259399999999566e+00
4.538202499999999873e+02 2.676265000000000214e+02 2.507559399999999883e+00 1.389601199999999892e+02 2.698532416258490052e+00 7.066673800000000227e+00
4.403937199999999734e+02 2.778912900000000263e+02 2.423099899999999973e+00 1.984945299999999975e+02 2.589781048066536862e+00 9.446235200000000276e+00
4.165504999999999995e+02 2.554525800000000118e+02 2.376023800000000019e+00 1.869790299999999945e+02 5.319584438380560165e+00 1.187669600000000081e+01
4.330954600000000028e+02 2.615747700000000009e+02 2.420395599999999980e+00 1.724792199999999980e+02 4.970134245717230392e+00 1.030116600000000027e+01
4.244960599999999999e+02 2.617741500000000201e+02 2.435000000000000053e+00 2.447363900000000001e+02 3.850504325875550915e+00 9.076000199999999296e+00
4.402928600000000188e+02 2.636935199999999782e+02 2.517999999999999794e+00 3.229783199999999965e+02 3.725240882544080812e+00 6.993999999999999773e+00
3.995693899999999985e+02 2.429004099999999937e+02 2.303105899999999817e+00 1.876617999999999995e+02 5.239778476159780318e+00 1.537719200000000086e+01
3.772132300000000100e+02 2.217002400000000080e+02 2.502783299999999933e+00 1.624610099999999875e+02 3.480969327847633021e+00 8.819129800000000685e+00
4.090022399999999720e+02 2.508253200000000049e+02 2.445121499999999948e+00 8.481578500000000531e+01 4.376352464296199507e+00 1.047236200000000039e+01
4.342093100000000163e+02 2.633786799999999744e+02 2.453799000000000063e+00 1.083863099999999946e+02 5.012870095906480472e+00 9.593826599999999871e+00
4.366869300000000180e+02 2.575530299999999784e+02 2.484357000000000149e+00 1.129808799999999991e+02 3.314000000000000057e+00 8.449965999999999866e+00
